0.043158
0.043192
0.043295
0.043467
0.043712
0.044032
0.044429
0.044906
0.045465
0.046109
0.046841
0.047663
0.048578
0.049589
0.050698
0.051909
0.053226
0.054649
0.056184
0.057833
0.059601
0.061487
0.063499
0.065639
0.067910
0.070316
0.072862
0.075549
0.078383
0.081368
0.084507
0.087804
0.091266
0.094894
0.098694
0.102670
0.106828
0.111171
0.115705
0.120434
0.125365
0.130501
0.135849
0.141413
0.147199
0.153213
0.159462
0.165950
0.172684
0.179670
0.186913
0.194420
0.202202
0.210260
0.218603
0.227236
0.236168
0.245405
0.254952
0.264817
0.275009
0.285529
0.296387
0.307587
0.319138
0.331039
0.343297
0.355915
0.368897
0.382247
0.395954
0.410030
0.424465
0.439255
0.454392
0.469876
0.485686
0.501813
0.518235
0.534942
0.551907
0.569095
0.586500
0.604075
0.621793
0.639609
0.657501
0.675415
0.693329
0.711202
0.728994
0.746676
0.764243
0.781657
0.798943
0.816101
0.833170
0.850227
0.867362
0.884698
0.902427
0.920770
0.940025
0.960534
0.982727
1.007082
1.034174
1.064599
1.099022
1.138124
1.182597
1.233095
1.290200
1.354365
1.425883
1.504822
1.590985
1.683780
1.782291
1.885128
1.990417
2.095873
2.198730
2.295888
2.383922
2.459424
2.519083
2.560181
2.580773
2.579882
2.557616
2.515026
2.454175
2.377737
2.288943
2.191227
2.087948
1.982236
1.876819
1.773973
1.675462
1.582599
1.496282
1.417009
1.344953
1.280030
1.221966
1.170313
1.124513
1.083961
1.048005
1.015991
0.987281
0.961312
0.937555
0.915527
0.894837
0.875152
0.856193
0.837737
0.819613
0.801704
0.783908
0.766174
0.748451
0.730733
0.713002
0.695280
0.677573
0.659912
0.642316
0.624817
0.607440
0.590213
0.573168
0.556322
0.539704
0.523335
0.507233
0.491421
0.475894
0.460682
0.445796
0.431229
0.416996
0.403103
0.389546
0.376332
0.363460
0.350926
0.338731
0.326874
0.315348
0.304152
0.293279
0.282728
0.272491
0.262564
0.252943
0.243621
0.234591
0.225853
0.217394
0.209213
0.201304
0.193659
0.186274
0.179144
0.172261
0.165621
0.159218
0.153046
0.147103
0.141380
0.135873
0.130577
0.125485
0.120597
0.115903
0.111401
0.107087
0.102955
0.098999
0.095217
0.091605
0.088156
0.084869
0.081739
0.078761
0.075933
0.073250
0.070707
0.068303
0.066034
0.063895
0.061884
0.059998
0.058231
0.056583
0.055050
0.053627
0.052313
0.051106
0.050002
0.048997
0.048089
0.047277
0.046555
0.045923
0.045380
0.044919
0.044542
0.044244
0.044024
0.043878
0.043806
